# September 22

todayTemp <- 30

temps <- c(34, 24)
